35
41
22460
22461
1380
1381
1388
1389
1559
1559 1754
1559 1949
1559 2158
1559 2015
1559 1602 1623
1559 3066
1559 1586
1559 1710
1559 2186
1559 1887 2119
1846 1559
1573
1573 1596
1596
1560
1560 2200
1560 1735
1560 1906
1560 1770
1560 1760
1560 1724 2517
1560 1645
1560 3990
1560 2310
1560 2310 1690
1560 1632
1560 2492
1560 4181
1560 1597
1560 3901
1560 1850
1560 1558
1560 1715
1560 1690
1560 1756
1560 2270
1560 1696
1560 1894 1609
1560 2421
1560 1914
1560 1610
1560 1722
1648
1648 1664
1648 1664 1624
1648 2268
1648 1786 1643 1578
2022
2022 1560 1624
2022 1624
1768 1671
1568
1568 1796
2377
1569
1569 1562
1569 1721 1606
1569 1949
1569 2277
1569 1786
1569 1723
3279
3279 1894
3279 1894 1609
1606
1635
1635 1559
1635 1657 1571
1635 1889
2998 2517
2517
2652
1607
1607 1598
1607 3685
1562
1740 1586
1609
1609 1558
1609 1558 2517
2250 2250
2250 2116
1754
2907
1564
1564 1613
1564 1599
1721 1606
1721 1606 1710
1938
2283 1609
2605
2605 2704
1741
1741 1786
1741 1655
1611
1611 1564
1611 1613
1571
1571 1573
1571 1569
1571 2073
1571 2256
1571 1700
1571 2123
1571 1720
1571 1586
1571 1894
1571 1894 1609
1571 2136
1613
1778
1778 1949
1778 2938
2417 1557
1735
1735 2849
1735 1558
1949
1949 1571
1949 2020
1949 1797
1949 1578
2358 1724
1587 1569
1593
1593 1613
1771
1771 1632
2188 1645
2172
2172 1832
2172 2027
2073 1609
4466
4466 1613
5060
5060 1771
5060 1749
5060 1690
5060 2421
2473
2318 1771
2318 1645
2318 2421
7206 1690
2014
1959
1870 1560 1870
1906 1558
1622 1641
1622 1633
4265
1663 1609
1664
1664 1559
1664 1566
1664 1740
1664 1611
1664 2358
1664 1957
1664 1738
1869 1641 1601 1624
1869 1641 1624 1586
2912 1635
1676
1896
1896 1664 1738
1896 2015
1896 1561
1896 1671
1896 1671 1624
1896 1624
3061
2459
2020 2022
1907
1907 1578
2849
2849 1558
2938
2938 2473
1591 1609
1591 1586
1600 1796
2015
2015 2497
1796
1796 1564
1796 1797
1796 1558
1796 1557
1796 1696
1796 1624
1582
1666 1605
1666 1786
1666 1671
1665 1635
1665 1571
2076
2076 2416
2076 1771
2076 2073
2076 1645
2076 1749
2076 2421
2205
1691
1917
1917 1700
1700
1700 1664
1700 1894
1973 1635
1973 1655
1973 1610 1586
1973 1610 1586 1624
1860 1582
2319
2319 1559 1602 1623
2319 1724
2319 2923
1760
1760 1705
1760 2492
1760 1558
1760 1561
1760 2017
1760 1574
1760 1904
2323
4602 5411
1584
1584 1571
1584 1558
1584 1916
1790
1790 1568
1790 1680
1790 1685
1790 1603
1643
1643 1578
1605
1605 1671
1792
1792 1771
1792 1723
3612
1856
2268 2015
1932
1932 3658
5517
2737
5285
4431
3845
4704
4704 2685
2106
3011
3011 3011
6360
2685 7121
3573
1570
5411
5803
5112
3597
3597 1613
3782
3929
2309
2309 2309
4773
3784
3784 2737
3784 4074
4923
4074
2705
5244
2001
2001 1568
2001 1754
2001 1959
2001 1634
2001 1575
2001 2492
2001 1710
2001 2052
2001 1667
4370
4370 7929
4174
2860 1561
1943
9398
2787
2720
4756 1908
8357 1705
3630
7793
4584 7929
4767
5699
5699 5699
8085
3124
7369
4668
4668 2360
5181
2901
4191
3862
3862 3862
1718
1718 1569
1718 1562
1718 1786
1718 1723
1718 1655
2376 1690
1563
1563 1596
1563 1609
1601
1766 1609
1797 1563
1595
1595 1606
1595 1780
1567
1567 1599
1852
1852 1613
1598
1645
1645 1573
1645 1573 1657 2263
1645 1596
1645 1949
1645 1664
1645 1643
1645 1558
1645 1716
1645 1786
1645 2421
2028 1655
5593 1850
5593 1702
2413
2413 1584
2413 2378
2413 2617
1957
1957 1613
1594
1594 1609
1594 2303
1594 1602
1594 1715
1752
1614
2116
2116 1605
2116 2116
2587 2022
1585
1585 1558
1585 1558 1562
1585 1558 1624
1585 1941
1585 1574
2310
2310 1696
2310 1696 1645 1786
4349 1735
1753
1772
1772 4202
2314
2314 2314
1759
1759 2022
1759 1915
5110 2517
5110 1907
1612 1724
1612 2028
2574
2574 2657
1705
1705 1601
1705 1690
1705 1723
3290
3290 1578
3290 1786
2167
2303
1672
1632
1632 1562
1810
1810 1606
1810 1606 1864
1810 1606 1710
1810 3382
1810 1710
1818 1635
1818 1557 1586 1646
1818 1557 1586 1624
1818 1557 1624 1586
1818 1655 2091 1635
3377 3377 1706 1973
2258
4181 1664
2436 1624
1565
1565 1613
1749
1749 2015
1749 1558
1749 3536
1749 1671
2856 1894
1657
1657 1571
1657 1563
1657 2525
1657 1561
1866
1866 1583
1794
1794 1741
1836
3361 1749
2349
2070
2070 2027
2170 2262 1839 1624
2170 2091 1635
1832
1832 1786
1769 1723
2123
2123 1786
2123 1655
3028 1564
1729
1729 2413
1729 1914
2611
2611 2167
2611 1558
2611 1690
1578 1936
1558
1558 1571
1558 1557
2333
2944
2944 1743
1662
1561
1561 1754
1561 1663
1561 1700
1561 1578
1561 1557
2094
2375
2375 1723
1630
1630 1564
1630 1601
1630 1723
1630 1782
1586
1586 1723
1586 1603
1586 1624
2096 1562
1716 1690
1716 1793
2293
2293 1568
2293 1754
2293 2293
1992 1832
7735
1742 1984
1742 1645
1742 2823
1742 1558
1786
1786 1601
1786 1797
1786 1724
1786 1578
1786 1738
1786 1682
5217 2413
1854
1854 1705
1715
1715 1700
1715 1645
1715 1602
1651 3382 1949
2440
2440 1723
2650 1624
4580
1690 2015
1690 1605
1690 1655
2027
2027 1723
3429 2022
3429 1603
2497 2022
2497 1606
2497 1749
2497 1655
2497 1894
2497 1894 1609
1580
1580 1586
1801
1801 1609
1801 1558
1801 1786
1801 1786 1584 1916
1557
1557 1933
1557 1839
1806 1582
1706 1594 1655 2091
1888 1632
1646
5308 2119
1723
1723 2106
4202
4202 2517
4202 4773
2082
2565 1655
1654
1640
1640 1582
1640 1640
2164 2091 1635
1696
1889 1645
2385 1769 1723
3216
3216 2416
3216 1771
3216 1690
1626
1626 1610
1763 1716
1787
2364 1635
2364 1605
2364 1655
2437 1573 1657 2263
3685 1562
1671
1655
1655 2022
1655 2020
1655 1605
1655 1724
1655 1772
1655 1558
1655 2091
1583
1583 2268
2916
1603
1603 1568 1959
1603 1741
1603 1790 1959
1603 1605
1603 1599
1603 1753
1603 1794
1603 1782
1894
1894 1609
1894 1938
1894 2421
2136
2186 1557
2421
2421 2389
2421 1558
2421 1716
2421 1915
2859 1560 1690
2859 1645
2859 2421
2353
2353 2015
2353 1690
2353 1624
1767
1574
1574 1560
1574 1560 1558
1574 1560 1690
1574 1606
1574 1558
5113 3624
5113 1645
1823
2131 1595
1914
1673 1771
1673 1749
1673 2421
2687 1645
2687 1690
1867
1624 1586
2939
2939 1680
2939 1645
2276
2276 1564
2276 1850
2276 1702
3816 2154
3250 1571
2968
1714
1714 1916
4095
4095 1723
2029 1558
2522
2206
1942
1942 1635
2052
1610
1637
1637 1558
1637 1561
1637 1574
1576
1576 1559 1586
1576 1568
1576 1606
1576 1606 1754
1576 1606 1710
1576 1606 1650 1959
1576 1754
1576 1581 1959
1576 1959
1576 1585 1558 1624
1576 1578
1576 1710
1576 1738
1576 2186
1576 2052
1576 1667
1627 1655
2049
2049 1643
2599 1965
1679 1610
3126 3009
3126 2027
1695
1695 1568
1695 1606
1695 1606 1754
1695 1606 1710
1695 1754
1695 1581 1959
1695 1959
1695 1578
1695 1710
1695 2186
1695 2052
1695 1667
1620
4838 1564
2895 1609
2479 1594
2340
2050
2050 1562
2050 1724
2050 1612
2050 1786 1635 1724
2050 1915
2148
2148 1605
2148 1578
2148 1723
2007 1658 1624
1915 1735
1915 3117
1915 1756
1915 2270
2441
2400
2400 1723
1993 1870
1543
22459
22462
1545
1544
